2.835625267028808594e+01
2.835126876831054688e+01
2.836736106872558594e+01
2.835984611511230469e+01
2.837056350708007812e+01
2.836186408996582031e+01
2.838727569580078125e+01
2.836789131164550781e+01
2.838280677795410156e+01
2.838292121887207031e+01
2.840447998046875000e+01
2.840482711791992188e+01
2.842263221740722656e+01
2.841782379150390625e+01
2.842177581787109375e+01
2.843480300903320312e+01
2.843516731262207031e+01
2.845959472656250000e+01
2.845661544799804688e+01
2.848115158081054688e+01
2.848300552368164062e+01
2.849567985534667969e+01
2.851550865173339844e+01
2.784781074523925781e+01
2.679023361206054688e+01
2.579280662536621094e+01
2.485633087158203125e+01
2.459364318847656250e+01
2.456857681274414062e+01
2.459455490112304688e+01
2.459969139099121094e+01
2.462454032897949219e+01
2.465936470031738281e+01
2.465952301025390625e+01
2.467962265014648438e+01
2.471208572387695312e+01
2.470251655578613281e+01
2.473676109313964844e+01
2.476910781860351562e+01
2.475692176818847656e+01
2.478510856628417969e+01
2.480937957763671875e+01
2.481998825073242188e+01
2.487436676025390625e+01
2.487431335449218750e+01
2.488357543945312500e+01
2.492762184143066406e+01
2.494173812866210938e+01
2.497441864013671875e+01
2.499801635742187500e+01
2.499880981445312500e+01
2.504148292541503906e+01
2.505725479125976562e+01
2.511349868774414062e+01
2.511619186401367188e+01
2.515471458435058594e+01
2.516352081298828125e+01
2.521597480773925781e+01
2.524157333374023438e+01
2.524492263793945312e+01
2.527509117126464844e+01
2.532565307617187500e+01
2.535319519042968750e+01
2.538250732421875000e+01
2.544691085815429688e+01
2.544517898559570312e+01
2.547976112365722656e+01
2.552020835876464844e+01
2.556731414794921875e+01
2.560994720458984375e+01
2.562401008605957031e+01
2.567306709289550781e+01
2.568983268737792969e+01
2.575222969055175781e+01
2.578083992004394531e+01
2.582024383544921875e+01
2.584994888305664062e+01
2.590446662902832031e+01
2.593134498596191406e+01
2.599102210998535156e+01
2.602560234069824219e+01
2.605920410156250000e+01
2.609854888916015625e+01
2.616368484497070312e+01
2.618850708007812500e+01
2.622966957092285156e+01
2.626909828186035156e+01
2.631230354309082031e+01
2.638597297668457031e+01
2.643278503417968750e+01
2.647005462646484375e+01
2.651049041748046875e+01
2.657850265502929688e+01
2.664238357543945312e+01
2.667095947265625000e+01
2.674087715148925781e+01
2.679621315002441406e+01
2.684129524230957031e+01
2.688580894470214844e+01
2.694853401184082031e+01
2.698634338378906250e+01
2.697824478149414062e+01
2.695223045349121094e+01
2.689107894897460938e+01
2.686009025573730469e+01
2.682284927368164062e+01
2.679585075378417969e+01
2.674102783203125000e+01
2.673132133483886719e+01
2.668762588500976562e+01
2.666065216064453125e+01
2.662138366699218750e+01
2.657073974609375000e+01
2.653062629699707031e+01
2.650353050231933594e+01
2.647013473510742188e+01
2.642496109008789062e+01
2.643059158325195312e+01
2.637130546569824219e+01
2.634456634521484375e+01
2.630367279052734375e+01
2.629372024536132812e+01
2.624363327026367188e+01
2.621133613586425781e+01
2.620589447021484375e+01
2.617973327636718750e+01
2.615013694763183594e+01
2.612915229797363281e+01
2.610112571716308594e+01
2.607477951049804688e+01
2.604969596862792969e+01
2.602009582519531250e+01
2.600022506713867188e+01
2.596750831604003906e+01
2.597673606872558594e+01
2.594460296630859375e+01
2.590882682800292969e+01
2.588318824768066406e+01
2.587994766235351562e+01
2.584739494323730469e+01
2.583270263671875000e+01
2.578839874267578125e+01
2.569415473937988281e+01
2.560721778869628906e+01
2.551317977905273438e+01
2.542852020263671875e+01
2.532010841369628906e+01
2.526619720458984375e+01
2.516584014892578125e+01
2.507147407531738281e+01
2.500112915039062500e+01
2.492070579528808594e+01
2.482512855529785156e+01
2.475313949584960938e+01
2.464353179931640625e+01
2.458013343811035156e+01
2.451602554321289062e+01
2.443986129760742188e+01
2.436127662658691406e+01
2.431156349182128906e+01
2.422708129882812500e+01
2.414539337158203125e+01
2.408013153076171875e+01
2.400368309020996094e+01
2.394550704956054688e+01
2.386358642578125000e+01
2.380277824401855469e+01
2.372795867919921875e+01
2.366854095458984375e+01
2.359458541870117188e+01
2.355133438110351562e+01
2.348327064514160156e+01
2.340852355957031250e+01
2.333664894104003906e+01
2.329891395568847656e+01
2.321691703796386719e+01
2.316596031188964844e+01
2.309834098815917969e+01
2.305787849426269531e+01
2.298458099365234375e+01
2.291085624694824219e+01
2.287053108215332031e+01
2.282523155212402344e+01
2.277508735656738281e+01
2.269092369079589844e+01
2.265831375122070312e+01
2.261416244506835938e+01
2.253487396240234375e+01
2.248175621032714844e+01
2.244147872924804688e+01
2.239891242980957031e+01
2.234496116638183594e+01
2.230189895629882812e+01
2.225418663024902344e+01
2.222823143005371094e+01
2.216747283935546875e+01
2.211844062805175781e+01
2.204988288879394531e+01
2.202742195129394531e+01
2.192847251892089844e+01
2.187395858764648438e+01
2.177052116394042969e+01
2.171400833129882812e+01
2.162919616699218750e+01
2.154773521423339844e+01
2.148557090759277344e+01
2.139506912231445312e+01
2.133497619628906250e+01
2.124229049682617188e+01
2.117107391357421875e+01
2.114651107788085938e+01
2.105314445495605469e+01
2.098117065429687500e+01
2.089235305786132812e+01
2.084716415405273438e+01
2.077778816223144531e+01
2.070498275756835938e+01
2.066318702697753906e+01
2.059334564208984375e+01
2.052850341796875000e+01
2.045348548889160156e+01
2.042651557922363281e+01
2.035445404052734375e+01
2.029201507568359375e+01
2.021494483947753906e+01
2.017446517944335938e+01
2.010725975036621094e+01
2.004967498779296875e+01
2.001004600524902344e+01
1.994702148437500000e+01
1.988411521911621094e+01
1.981123161315917969e+01
1.977417182922363281e+01
1.972319984436035156e+01
1.967049026489257812e+01
1.962363433837890625e+01
1.956765365600585938e+01
1.954361915588378906e+01
1.948320579528808594e+01
1.942870712280273438e+01
1.937953948974609375e+01
1.933500862121582031e+01
1.930587959289550781e+01
1.922084808349609375e+01
1.920123291015625000e+01
1.913804054260253906e+01
1.910329818725585938e+01
1.905946350097656250e+01
1.901545333862304688e+01
1.896993064880371094e+01
1.891835403442382812e+01
1.888937377929687500e+01
1.883662223815917969e+01
1.881472206115722656e+01
1.875091552734375000e+01
1.872480964660644531e+01
1.869568824768066406e+01
1.863956069946289062e+01
1.860803794860839844e+01
1.856401824951171875e+01
1.855349540710449219e+01
1.847442436218261719e+01
1.848061943054199219e+01
1.842833900451660156e+01
1.838308525085449219e+01
1.836371803283691406e+01
1.830701255798339844e+01
1.828940963745117188e+01
1.823914146423339844e+01
1.823400688171386719e+01
1.819526290893554688e+01
1.816762924194335938e+01
1.813033485412597656e+01
1.811021614074707031e+01
1.805303192138671875e+01
1.803963279724121094e+01
1.802466011047363281e+01
1.799642944335937500e+01
1.794735717773437500e+01
1.792109870910644531e+01
1.788874053955078125e+01
1.787172126770019531e+01
1.783350181579589844e+01
1.782339477539062500e+01
1.779001045227050781e+01
1.773196411132812500e+01
1.765335464477539062e+01
1.755234718322753906e+01
1.748533630371093750e+01
1.739790344238281250e+01
1.729427146911621094e+01
1.723739242553710938e+01
1.715715026855468750e+01
1.708144187927246094e+01
1.699706840515136719e+01
1.692664909362792969e+01
1.685391426086425781e+01
1.678875160217285156e+01
1.671094894409179688e+01
1.662904167175292969e+01
1.655958938598632812e+01
1.650079536437988281e+01
1.638781356811523438e+01
1.635462951660156250e+01
1.626652526855468750e+01
1.622487068176269531e+01
1.614398574829101562e+01
1.607754325866699219e+01
1.602962493896484375e+01
1.594153690338134766e+01
1.589315032958984375e+01
1.582446002960205078e+01
1.575185966491699219e+01
1.570652866363525391e+01
1.564699745178222656e+01
1.558999919891357422e+01
1.552579021453857422e+01
1.546557235717773438e+01
1.540978240966796875e+01
1.534891986846923828e+01
1.528636169433593750e+01
1.523616981506347656e+01
1.518686294555664062e+01
1.513780689239501953e+01
1.507652378082275391e+01
1.503917884826660156e+01
1.497089576721191406e+01
1.492047119140625000e+01
1.487722396850585938e+01
1.480141162872314453e+01
1.478765773773193359e+01
1.475049114227294922e+01
1.468277072906494141e+01
1.463524246215820312e+01
1.459565258026123047e+01
1.456290340423583984e+01
1.449596691131591797e+01
1.445421981811523438e+01
1.441917991638183594e+01
1.438279247283935547e+01
1.433849525451660156e+01
1.430398941040039062e+01
1.422653770446777344e+01
1.419867610931396484e+01
1.416635608673095703e+01
1.411793804168701172e+01
1.406920146942138672e+01
1.404853248596191406e+01
1.401914405822753906e+01
1.396494388580322266e+01
1.393343639373779297e+01
1.389623355865478516e+01
1.385159873962402344e+01
1.379872989654541016e+01
1.377117824554443359e+01
1.373364639282226562e+01
1.371446037292480469e+01
1.365679168701171875e+01
1.362613487243652344e+01
1.359853363037109375e+01
1.357147598266601562e+01
1.352604389190673828e+01
1.349329376220703125e+01
1.346240711212158203e+01
1.343912410736083984e+01
1.340103340148925781e+01
1.337050819396972656e+01
1.334912586212158203e+01
1.332166767120361328e+01
1.327732276916503906e+01
1.326093673706054688e+01
1.319051456451416016e+01
1.321373176574707031e+01
1.325399112701416016e+01
1.331005287170410156e+01
1.333805274963378906e+01
1.337074565887451172e+01
1.341774082183837891e+01
1.345532894134521484e+01
1.348302364349365234e+01
1.352205657958984375e+01
1.356646251678466797e+01
1.365152645111083984e+01
1.366235923767089844e+01
1.372723579406738281e+01
1.376971817016601562e+01
1.380968093872070312e+01
1.385516071319580078e+01
1.390275096893310547e+01
1.395095634460449219e+01
1.399198436737060547e+01
1.403970146179199219e+01
1.410628128051757812e+01
1.414641666412353516e+01
1.419829845428466797e+01
1.425866508483886719e+01
1.429411506652832031e+01
1.435313987731933594e+01
1.441128063201904297e+01
1.445025348663330078e+01
1.450574874877929688e+01
1.454867458343505859e+01
1.461856746673583984e+01
1.465663623809814453e+01
1.471737861633300781e+01
1.479142379760742188e+01
1.483805179595947266e+01
1.491888427734375000e+01
1.495295333862304688e+01
1.502836227416992188e+01
1.508601188659667969e+01
1.512938117980957031e+01
1.519690704345703125e+01
1.527851104736328125e+01
1.532903575897216797e+01
1.541372299194335938e+01
1.545535945892333984e+01
1.553507232666015625e+01
1.559717369079589844e+01
1.567664241790771484e+01
1.573400974273681641e+01
1.581168842315673828e+01
1.589432811737060547e+01
1.593841457366943359e+01
1.602523994445800781e+01
1.609700965881347656e+01
1.617807388305664062e+01
1.624286079406738281e+01
1.634007072448730469e+01
1.641101455688476562e+01
1.648705863952636719e+01
1.657008552551269531e+01
1.665094375610351562e+01
1.670753479003906250e+01
1.680543899536132812e+01
1.688971138000488281e+01
1.697585678100585938e+01
1.708923149108886719e+01
1.714624977111816406e+01
1.724417877197265625e+01
1.735060882568359375e+01
1.743872070312500000e+01
1.753442955017089844e+01
1.763015556335449219e+01
1.773824119567871094e+01
1.782601737976074219e+01
1.791369438171386719e+01
1.802791786193847656e+01
1.812792587280273438e+01
1.816024589538574219e+01
1.819514083862304688e+01
1.823064422607421875e+01
1.827029609680175781e+01
1.828009605407714844e+01
1.833806419372558594e+01
1.838560676574707031e+01
1.841452217102050781e+01
1.843783569335937500e+01
1.847342872619628906e+01
1.852377700805664062e+01
1.857204818725585938e+01
1.858995056152343750e+01
1.862163543701171875e+01
1.867366981506347656e+01
1.872853660583496094e+01
1.876102638244628906e+01
1.880075645446777344e+01
1.885250854492187500e+01
1.889822006225585938e+01
1.894651985168457031e+01
1.898494720458984375e+01
1.902873420715332031e+01
1.905965232849121094e+01
1.911527824401855469e+01
1.916876602172851562e+01
1.921632194519042969e+01
1.922582244873046875e+01
1.929908370971679688e+01
1.934308624267578125e+01
1.939711570739746094e+01
1.944679450988769531e+01
1.948814773559570312e+01
1.955755233764648438e+01
1.960645294189453125e+01
1.964695358276367188e+01
1.971334457397460938e+01
1.976058387756347656e+01
1.979390335083007812e+01
1.988724899291992188e+01
1.995247077941894531e+01
1.998465728759765625e+01
2.005278396606445312e+01
2.008839988708496094e+01
2.015712928771972656e+01
2.020757675170898438e+01
2.028880310058593750e+01
2.033791732788085938e+01
2.040002822875976562e+01
2.044616889953613281e+01
2.053959274291992188e+01
2.057752037048339844e+01
2.066932678222656250e+01
2.073501586914062500e+01
2.078930091857910156e+01
2.085938453674316406e+01
2.092741775512695312e+01
2.099195289611816406e+01
2.104590034484863281e+01
2.112394332885742188e+01
2.119255828857421875e+01
2.126803016662597656e+01
2.133780097961425781e+01
2.142846107482910156e+01
2.149418830871582031e+01
2.157701301574707031e+01
2.165177345275878906e+01
2.173504257202148438e+01
2.181526184082031250e+01
2.187097358703613281e+01
2.197803306579589844e+01
2.205845069885253906e+01
2.213256835937500000e+01
2.220140266418457031e+01
2.229094696044921875e+01
2.238275146484375000e+01
2.248472213745117188e+01
2.257221603393554688e+01
2.264160919189453125e+01
2.274581146240234375e+01
2.282636642456054688e+01
2.292767715454101562e+01
2.303632354736328125e+01
2.311572647094726562e+01
2.323510742187500000e+01
2.332320404052734375e+01
2.342486763000488281e+01
2.350459480285644531e+01
2.363090324401855469e+01
2.372095680236816406e+01
2.383089828491210938e+01
2.393223762512207031e+01
2.404493141174316406e+01
2.413671684265136719e+01
2.422497367858886719e+01
2.423487091064453125e+01
2.421456527709960938e+01
2.422391319274902344e+01
2.423539543151855469e+01
2.424800872802734375e+01
2.426734352111816406e+01
2.427804756164550781e+01
2.429014205932617188e+01
2.428009796142578125e+01
2.427445602416992188e+01
2.428032302856445312e+01
2.430299377441406250e+01
2.430767250061035156e+01
2.431082344055175781e+01
2.433334541320800781e+01
2.432972717285156250e+01
2.433093261718750000e+01
2.435146331787109375e+01
2.438397979736328125e+01
2.437427139282226562e+01
2.439602279663085938e+01
2.440664291381835938e+01
2.441213417053222656e+01
2.442616653442382812e+01
2.442958831787109375e+01
2.445922660827636719e+01
2.447880935668945312e+01
2.448453903198242188e+01
2.448710441589355469e+01
2.451578330993652344e+01
2.454487037658691406e+01
2.453151702880859375e+01
2.457085037231445312e+01
2.458935928344726562e+01
2.460225868225097656e+01
2.465192031860351562e+01
2.464533805847167969e+01
2.467761993408203125e+01
2.468607902526855469e+01
2.471805763244628906e+01
2.472809028625488281e+01
2.474781036376953125e+01
2.476981163024902344e+01
2.481323051452636719e+01
2.481156539916992188e+01
2.483817672729492188e+01
2.487644004821777344e+01
2.490609359741210938e+01
2.494085884094238281e+01
2.493980407714843750e+01
2.499649620056152344e+01
2.500742912292480469e+01
2.503632926940917969e+01
2.505755043029785156e+01
2.509123039245605469e+01
2.512501907348632812e+01
2.513915252685546875e+01
2.518700218200683594e+01
2.521893501281738281e+01
2.527146530151367188e+01
2.525964164733886719e+01
2.533349990844726562e+01
2.534403038024902344e+01
2.538505172729492188e+01
2.541790199279785156e+01
2.547459220886230469e+01
2.548601531982421875e+01
2.550883102416992188e+01
2.554680252075195312e+01
2.561863899230957031e+01
2.563305664062500000e+01
2.567571449279785156e+01
2.571068000793457031e+01
2.575955581665039062e+01
2.577842330932617188e+01
2.619991302490234375e+01
2.590766906738281250e+01
2.562425422668457031e+01
2.531212615966796875e+01
2.504992485046386719e+01
2.474097251892089844e+01
2.449760818481445312e+01
2.420980644226074219e+01
2.396305274963378906e+01
2.371308517456054688e+01
2.345799446105957031e+01
2.323158073425292969e+01
2.299278831481933594e+01
2.277014923095703125e+01
2.254903411865234375e+01
2.232056427001953125e+01
2.210856246948242188e+01
2.191321563720703125e+01
2.169337463378906250e+01
2.148451995849609375e+01
2.127962112426757812e+01
2.109061431884765625e+01
2.090173530578613281e+01
2.069839286804199219e+01
2.052308082580566406e+01
2.035763168334960938e+01
2.018418502807617188e+01
2.000314140319824219e+01
1.985544204711914062e+01
1.965842056274414062e+01
1.950803947448730469e+01
1.934770584106445312e+01
1.920532608032226562e+01
1.904057693481445312e+01
1.888565063476562500e+01
1.874861717224121094e+01
1.859323883056640625e+01
1.842982292175292969e+01
1.830902099609375000e+01
1.817559623718261719e+01
1.804184341430664062e+01
1.793093490600585938e+01
1.778463554382324219e+01
1.764977455139160156e+01
1.751572418212890625e+01
1.740226745605468750e+01
1.728070831298828125e+01
1.716991233825683594e+01
1.703615570068359375e+01
1.692808532714843750e+01
1.680068016052246094e+01
1.667667198181152344e+01
1.657780265808105469e+01
1.647740364074707031e+01
1.636791801452636719e+01
1.626345062255859375e+01
1.617325019836425781e+01
1.604630851745605469e+01
1.600454711914062500e+01
1.603133010864257812e+01
1.610089111328125000e+01
1.614937400817871094e+01
1.616733551025390625e+01
1.624417686462402344e+01
1.629258537292480469e+01
1.632760620117187500e+01
1.641399383544921875e+01
1.645183753967285156e+01
1.652930831909179688e+01
1.657390594482421875e+01
1.661924552917480469e+01
1.667569351196289062e+01
1.673762130737304688e+01
1.679879188537597656e+01
1.683795166015625000e+01
1.690839767456054688e+01
1.697040557861328125e+01
1.704887580871582031e+01
1.711186027526855469e+01
1.714693450927734375e+01
1.722945022583007812e+01
1.728138732910156250e+01
1.733029174804687500e+01
1.740760612487792969e+01
1.749310684204101562e+01
1.754949951171875000e+01
1.762771224975585938e+01
1.767256164550781250e+01
1.774505996704101562e+01
1.783045387268066406e+01
1.790565490722656250e+01
1.797464752197265625e+01
1.804865074157714844e+01
1.814701652526855469e+01
1.821392059326171875e+01
1.827624130249023438e+01
1.835515022277832031e+01
1.845782470703125000e+01
1.851994705200195312e+01
1.860276985168457031e+01
1.867626762390136719e+01
