2.432240486145019531e+01
2.435933494567871094e+01
2.439086532592773438e+01
2.442991447448730469e+01
2.445619010925292969e+01
2.449868392944335938e+01
2.453243064880371094e+01
2.456290817260742188e+01
2.461075019836425781e+01
2.462341880798339844e+01
2.467778205871582031e+01
2.468500518798828125e+01
2.470911407470703125e+01
2.476311492919921875e+01
2.482199478149414062e+01
2.482774162292480469e+01
2.486659431457519531e+01
2.492828559875488281e+01
2.496554374694824219e+01
2.501082801818847656e+01
2.504246330261230469e+01
2.509826850891113281e+01
2.512772560119628906e+01
2.519064712524414062e+01
2.522463798522949219e+01
2.525940132141113281e+01
2.532652282714843750e+01
2.537400817871093750e+01
2.540694236755371094e+01
2.545424461364746094e+01
2.550351142883300781e+01
2.557656288146972656e+01
2.561218070983886719e+01
2.563525581359863281e+01
2.571097183227539062e+01
2.573843765258789062e+01
2.572635650634765625e+01
2.572390747070312500e+01
6.992067813873291016e+00
6.844140052795410156e+00
6.661278724670410156e+00
6.551151275634765625e+00
6.386935710906982422e+00
6.265571594238281250e+00
6.114204406738281250e+00
6.087932109832763672e+00
6.100724697113037109e+00
6.106106758117675781e+00
6.131652355194091797e+00
6.113458633422851562e+00
6.146715641021728516e+00
6.126461029052734375e+00
6.152296066284179688e+00
6.155404567718505859e+00
6.167157649993896484e+00
6.196719169616699219e+00
6.183572292327880859e+00
6.187068939208984375e+00
6.205168724060058594e+00
6.194938182830810547e+00
6.190519332885742188e+00
6.212394237518310547e+00
6.220588207244873047e+00
6.229494094848632812e+00
6.240439414978027344e+00
6.252142906188964844e+00
6.248198986053466797e+00
6.283897876739501953e+00
6.262746334075927734e+00
6.283756732940673828e+00
6.275108337402343750e+00
6.299745082855224609e+00
6.321272373199462891e+00
6.328981876373291016e+00
6.342729091644287109e+00
6.336824417114257812e+00
6.361268997192382812e+00
6.358465671539306641e+00
6.363800525665283203e+00
6.385786056518554688e+00
2.578920936584472656e+01
2.580754280090332031e+01
2.583431053161621094e+01
2.583972167968750000e+01
2.585521316528320312e+01
2.585859870910644531e+01
2.586222648620605469e+01
2.589022827148437500e+01
2.589702033996582031e+01
2.591345596313476562e+01
2.592568016052246094e+01
2.595170402526855469e+01
2.596889495849609375e+01
2.599869537353515625e+01
2.598311424255371094e+01
2.603183364868164062e+01
2.604359817504882812e+01
2.606570434570312500e+01
2.609161758422851562e+01
2.611860084533691406e+01
2.614365005493164062e+01
2.615220260620117188e+01
2.619501113891601562e+01
2.620063209533691406e+01
2.622169876098632812e+01
2.626160621643066406e+01
2.628620147705078125e+01
2.631290817260742188e+01
2.633575439453125000e+01
2.635036659240722656e+01
2.640323638916015625e+01
2.642954444885253906e+01
2.644478797912597656e+01
2.633233261108398438e+01
2.621310234069824219e+01
2.609855079650878906e+01
2.601146125793457031e+01
2.585423660278320312e+01
2.576624298095703125e+01
2.564580535888671875e+01
2.553111648559570312e+01
2.542927551269531250e+01
2.535016822814941406e+01
2.523297119140625000e+01
2.511716079711914062e+01
2.503738784790039062e+01
2.493032836914062500e+01
2.483865928649902344e+01
2.474427413940429688e+01
2.462211418151855469e+01
2.454193687438964844e+01
2.444352912902832031e+01
2.435473060607910156e+01
2.427438735961914062e+01
2.416888999938964844e+01
2.407619476318359375e+01
2.400249671936035156e+01
2.392320251464843750e+01
2.382201957702636719e+01
2.373954200744628906e+01
2.364737701416015625e+01
2.356810188293457031e+01
2.349234580993652344e+01
2.340631866455078125e+01
2.334773826599121094e+01
2.325068855285644531e+01
2.316504287719726562e+01
2.308898353576660156e+01
2.301025581359863281e+01
2.293643760681152344e+01
2.287011528015136719e+01
2.280755615234375000e+01
2.272954368591308594e+01
2.265111160278320312e+01
2.257284736633300781e+01
2.251066017150878906e+01
2.245055580139160156e+01
2.236944580078125000e+01
2.231934738159179688e+01
2.224533843994140625e+01
2.217057609558105469e+01
2.211789512634277344e+01
2.203501319885253906e+01
2.199227523803710938e+01
2.190613365173339844e+01
2.184864807128906250e+01
2.179605865478515625e+01
2.174399566650390625e+01
2.167637825012207031e+01
2.161494445800781250e+01
2.157057762145996094e+01
2.152750968933105469e+01
2.145307540893554688e+01
2.140951728820800781e+01
2.133860969543457031e+01
2.129097557067871094e+01
2.124182891845703125e+01
2.120275306701660156e+01
2.113119316101074219e+01
2.107517242431640625e+01
2.101032447814941406e+01
2.099494743347167969e+01
2.092318725585937500e+01
6.114535808563232422e+00
6.068266868591308594e+00
6.071458339691162109e+00
6.009243488311767578e+00
6.013176918029785156e+00
5.958922386169433594e+00
5.961978912353515625e+00
5.935433387756347656e+00
5.916944026947021484e+00
5.884693145751953125e+00
5.875302791595458984e+00
5.839356899261474609e+00
5.832067966461181641e+00
5.812031745910644531e+00
5.789293766021728516e+00
5.754378318786621094e+00
5.744153499603271484e+00
5.730184555053710938e+00
5.703711986541748047e+00
5.683555603027343750e+00
5.685632705688476562e+00
5.663323402404785156e+00
5.633483886718750000e+00
5.617032527923583984e+00
5.591270923614501953e+00
5.572001457214355469e+00
5.563100814819335938e+00
5.537448406219482422e+00
5.519851207733154297e+00
5.487961769104003906e+00
5.468554019927978516e+00
5.510191917419433594e+00
5.546395301818847656e+00
5.583448410034179688e+00
5.622378349304199219e+00
5.657499790191650391e+00
5.679553031921386719e+00
5.726315498352050781e+00
5.767337322235107422e+00
5.782892704010009766e+00
5.842659473419189453e+00
5.882233142852783203e+00
5.894096374511718750e+00
5.951908111572265625e+00
5.991171836853027344e+00
6.045480728149414062e+00
6.114171028137207031e+00
6.127385139465332031e+00
6.157224178314208984e+00
6.230013370513916016e+00
6.280545234680175781e+00
6.318281173706054688e+00
1.340717220306396484e+01
1.330309486389160156e+01
1.320278644561767578e+01
1.312664699554443359e+01
1.300191879272460938e+01
1.292135238647460938e+01
1.283127307891845703e+01
1.287039756774902344e+01
1.289973926544189453e+01
1.290733909606933594e+01
1.293709087371826172e+01
1.295064544677734375e+01
1.295396995544433594e+01
1.297165489196777344e+01
1.299526596069335938e+01
1.300754356384277344e+01
1.302359104156494141e+01
1.304268741607666016e+01
1.308440589904785156e+01
1.309886455535888672e+01
1.309954833984375000e+01
1.313034057617187500e+01
1.316402244567871094e+01
1.318782043457031250e+01
1.318001937866210938e+01
1.320814228057861328e+01
1.325279998779296875e+01
1.324988555908203125e+01
1.329933929443359375e+01
1.332005023956298828e+01
1.335134315490722656e+01
1.338046932220458984e+01
1.338621044158935547e+01
1.343011665344238281e+01
1.346254920959472656e+01
1.347513294219970703e+01
1.348114967346191406e+01
1.352704811096191406e+01
1.353246021270751953e+01
1.357389450073242188e+01
1.360770320892333984e+01
1.362759399414062500e+01
1.366072273254394531e+01
1.368756580352783203e+01
1.371508598327636719e+01
1.374158000946044922e+01
1.376071453094482422e+01
1.381738376617431641e+01
1.382453346252441406e+01
1.387028312683105469e+01
1.390307426452636719e+01
1.392617607116699219e+01
1.395353507995605469e+01
1.398237323760986328e+01
1.404183006286621094e+01
1.405129146575927734e+01
1.408822250366210938e+01
1.414446544647216797e+01
1.416852092742919922e+01
1.418667507171630859e+01
1.423110389709472656e+01
1.427539539337158203e+01
1.404780292510986328e+01
1.383181667327880859e+01
1.364344310760498047e+01
1.342800331115722656e+01
1.323518180847167969e+01
1.303444004058837891e+01
1.282174110412597656e+01
1.265934753417968750e+01
1.247905540466308594e+01
1.231178092956542969e+01
1.215362262725830078e+01
1.198155784606933594e+01
1.182778549194335938e+01
1.168335819244384766e+01
1.152620983123779297e+01
1.139864540100097656e+01
1.124046325683593750e+01
1.109712791442871094e+01
1.096568393707275391e+01
1.084470653533935547e+01
1.071737003326416016e+01
1.058594417572021484e+01
1.045188713073730469e+01
1.033343505859375000e+01
1.021689414978027344e+01
1.011594390869140625e+01
1.000632095336914062e+01
9.908246040344238281e+00
9.800258636474609375e+00
9.698570251464843750e+00
9.615687370300292969e+00
9.512090682983398438e+00
9.399654388427734375e+00
9.315550804138183594e+00
9.219781875610351562e+00
9.116464614868164062e+00
9.042934417724609375e+00
8.957470893859863281e+00
8.881079673767089844e+00
8.777695655822753906e+00
8.720970153808593750e+00
8.636880874633789062e+00
8.549723625183105469e+00
8.482459068298339844e+00
8.399668693542480469e+00
8.323019027709960938e+00
8.258644104003906250e+00
8.141621589660644531e+00
8.129234313964843750e+00
8.128992080688476562e+00
8.143436431884765625e+00
8.174047470092773438e+00
8.290256500244140625e+00
8.444600105285644531e+00
8.548247337341308594e+00
8.675813674926757812e+00
8.833950996398925781e+00
8.960825920104980469e+00
9.121045112609863281e+00
9.264834403991699219e+00
9.414467811584472656e+00
9.575662612915039062e+00
9.744811058044433594e+00
9.921393394470214844e+00
1.010542774200439453e+01
1.027122020721435547e+01
1.047871875762939453e+01
1.068098831176757812e+01
1.089213752746582031e+01
1.110865974426269531e+01
1.134200572967529297e+01
1.157194519042968750e+01
1.180218219757080078e+01
1.207855701446533203e+01
1.232419490814208984e+01
1.262452602386474609e+01
1.291397666931152344e+01
1.322677421569824219e+01
1.354751205444335938e+01
1.389385604858398438e+01
1.424718570709228516e+01
1.465137577056884766e+01
1.502722835540771484e+01
1.512916374206542969e+01
1.505925846099853516e+01
1.494056701660156250e+01
1.486222648620605469e+01
1.477581024169921875e+01
1.468436622619628906e+01
1.460972690582275391e+01
1.453879547119140625e+01
1.445008563995361328e+01
1.437614345550537109e+01
1.429090023040771484e+01
1.419943046569824219e+01
1.412789535522460938e+01
1.407007312774658203e+01
1.397106552124023438e+01
1.392521858215332031e+01
1.383305454254150391e+01
1.378125286102294922e+01
1.370658493041992188e+01
1.365373611450195312e+01
1.357602500915527344e+01
1.350139236450195312e+01
1.342820930480957031e+01
1.336913681030273438e+01
1.329411888122558594e+01
1.324528121948242188e+01
1.317376613616943359e+01
1.311800289154052734e+01
1.305912685394287109e+01
1.300657749176025391e+01
1.292436027526855469e+01
1.288948154449462891e+01
1.279850482940673828e+01
1.275911998748779297e+01
1.269378662109375000e+01
1.264117622375488281e+01
1.259032154083251953e+01
1.252698326110839844e+01
1.248478412628173828e+01
1.244404411315917969e+01
1.238981342315673828e+01
1.233001613616943359e+01
1.227876949310302734e+01
1.220843887329101562e+01
1.217535591125488281e+01
1.214564228057861328e+01
1.206228923797607422e+01
1.202281761169433594e+01
1.197676563262939453e+01
1.192578411102294922e+01
1.189501857757568359e+01
1.185241413116455078e+01
1.179679584503173828e+01
1.175913524627685547e+01
1.169678115844726562e+01
1.167606735229492188e+01
1.160710430145263672e+01
1.160182571411132812e+01
1.154180335998535156e+01
1.148311042785644531e+01
1.145320606231689453e+01
1.141754531860351562e+01
1.138696002960205078e+01
1.134122943878173828e+01
1.129361724853515625e+01
1.125553321838378906e+01
1.121919631958007812e+01
1.126411533355712891e+01
1.132301235198974609e+01
1.149382305145263672e+01
1.162976169586181641e+01
1.177318286895751953e+01
1.190971374511718750e+01
1.203949642181396484e+01
1.219439601898193359e+01
1.233546543121337891e+01
1.247793388366699219e+01
1.263063240051269531e+01
1.280528354644775391e+01
1.295565700531005859e+01
1.313057613372802734e+01
1.329899597167968750e+01
1.345983028411865234e+01
1.364225006103515625e+01
1.385705566406250000e+01
1.402287197113037109e+01
1.421003627777099609e+01
1.434240245819091797e+01
1.432896232604980469e+01
1.428560638427734375e+01
1.423441600799560547e+01
1.420734691619873047e+01
1.416834545135498047e+01
1.411645030975341797e+01
1.411416339874267578e+01
1.405998420715332031e+01
1.401996040344238281e+01
1.398792934417724609e+01
1.393766212463378906e+01
1.390688705444335938e+01
1.388020420074462891e+01
1.385421848297119141e+01
1.382926559448242188e+01
1.379636669158935547e+01
1.374069881439208984e+01
1.371776676177978516e+01
1.367696762084960938e+01
1.365347003936767578e+01
1.361388492584228516e+01
1.361486053466796875e+01
1.357327651977539062e+01
1.354492664337158203e+01
1.350825119018554688e+01
1.349232769012451172e+01
1.345994472503662109e+01
1.341679000854492188e+01
1.342626476287841797e+01
1.337796688079833984e+01
1.334378719329833984e+01
1.331828212738037109e+01
1.331327342987060547e+01
1.327924919128417969e+01
1.325374031066894531e+01
1.322764682769775391e+01
1.319497585296630859e+01
1.315856170654296875e+01
1.313272857666015625e+01
1.313479804992675781e+01
1.309859466552734375e+01
1.306873321533203125e+01
1.306761264801025391e+01
1.302780055999755859e+01
1.298916625976562500e+01
1.291268634796142578e+01
1.284974765777587891e+01
1.278464031219482422e+01
1.269646549224853516e+01
1.266791152954101562e+01
1.258946418762207031e+01
1.253164577484130859e+01
1.246071529388427734e+01
1.239660358428955078e+01
1.234983539581298828e+01
1.227094078063964844e+01
1.223219013214111328e+01
1.215552902221679688e+01
1.209941387176513672e+01
1.205634021759033203e+01
1.199288177490234375e+01
1.194016742706298828e+01
1.189025688171386719e+01
1.182829666137695312e+01
1.176729679107666016e+01
1.172225379943847656e+01
1.166976356506347656e+01
1.162682628631591797e+01
1.155490303039550781e+01
1.151515388488769531e+01
1.145993900299072266e+01
1.141472434997558594e+01
1.136708831787109375e+01
1.131585979461669922e+01
1.126720428466796875e+01
1.124511051177978516e+01
1.117697429656982422e+01
1.113519191741943359e+01
1.110797882080078125e+01
1.104060840606689453e+01
1.101117992401123047e+01
1.094781875610351562e+01
1.094320201873779297e+01
1.089374256134033203e+01
1.084542751312255859e+01
1.035757637023925781e+01
9.791566848754882812e+00
9.301815032958984375e+00
8.879420280456542969e+00
8.468143463134765625e+00
8.105041503906250000e+00
7.773676872253417969e+00
7.457338809967041016e+00
7.168294906616210938e+00
6.906482696533203125e+00
6.672285079956054688e+00
6.440901279449462891e+00
6.213626861572265625e+00
6.025536537170410156e+00
5.850519657135009766e+00
5.650258064270019531e+00
5.470400810241699219e+00
5.329736709594726562e+00
5.175243854522705078e+00
5.041079044342041016e+00
4.894191741943359375e+00
4.808139801025390625e+00
4.667211532592773438e+00
4.562230110168457031e+00
4.458147525787353516e+00
4.365487575531005859e+00
4.249629020690917969e+00
4.150135517120361328e+00
4.077692031860351562e+00
3.976537942886352539e+00
3.809664964675903320e+00
3.801320552825927734e+00
3.756054878234863281e+00
3.766908168792724609e+00
3.759657144546508789e+00
3.744529008865356445e+00
3.755307435989379883e+00
3.728214979171752930e+00
3.737528085708618164e+00
3.720862865447998047e+00
3.697669267654418945e+00
3.690794229507446289e+00
3.696890592575073242e+00
3.681335210800170898e+00
3.678516149520874023e+00
3.665351152420043945e+00
3.629488706588745117e+00
3.643605470657348633e+00
3.628735542297363281e+00
3.626990318298339844e+00
3.624056816101074219e+00
3.616834163665771484e+00
3.591619014739990234e+00
3.564577341079711914e+00
3.581307649612426758e+00
3.569033384323120117e+00
3.558210372924804688e+00
3.570626974105834961e+00
3.545667886734008789e+00
3.553185701370239258e+00
3.527780294418334961e+00
3.527618408203125000e+00
3.519524335861206055e+00
3.528606414794921875e+00
3.512725353240966797e+00
3.509476423263549805e+00
3.488238096237182617e+00
3.478686809539794922e+00
3.470422029495239258e+00
3.482661962509155273e+00
3.473268270492553711e+00
3.437161684036254883e+00
3.464187860488891602e+00
3.441922903060913086e+00
3.463349819183349609e+00
3.446700334548950195e+00
3.440428972244262695e+00
3.407570600509643555e+00
3.434272527694702148e+00
3.411473751068115234e+00
3.412755727767944336e+00
3.394158363342285156e+00
3.383911848068237305e+00
3.383699655532836914e+00
3.367179870605468750e+00
3.378595590591430664e+00
3.375289916992187500e+00
3.376452207565307617e+00
3.366661071777343750e+00
3.360138416290283203e+00
3.349460601806640625e+00
3.334806442260742188e+00
3.364325284957885742e+00
3.334973096847534180e+00
3.341298818588256836e+00
3.351053237915039062e+00
3.309369325637817383e+00
3.326547384262084961e+00
3.309219598770141602e+00
3.302262306213378906e+00
3.305834531784057617e+00
3.314527988433837891e+00
3.294383525848388672e+00
3.308467626571655273e+00
3.305485963821411133e+00
3.289437055587768555e+00
3.290682554244995117e+00
3.303093910217285156e+00
3.289179801940917969e+00
3.281124114990234375e+00
3.266490459442138672e+00
3.262527942657470703e+00
3.282803535461425781e+00
3.273310661315917969e+00
3.252684831619262695e+00
3.223624706268310547e+00
3.261592388153076172e+00
3.235039472579956055e+00
3.282779216766357422e+00
3.235948801040649414e+00
3.256910324096679688e+00
3.245855808258056641e+00
3.249749183654785156e+00
3.239161729812622070e+00
3.248410224914550781e+00
3.207506895065307617e+00
3.227983474731445312e+00
3.222940444946289062e+00
3.216740608215332031e+00
3.236586570739746094e+00
3.223887681961059570e+00
3.223303794860839844e+00
3.213057756423950195e+00
3.200140714645385742e+00
3.218030929565429688e+00
3.218327283859252930e+00
3.194519281387329102e+00
3.219651460647583008e+00
3.209612131118774414e+00
3.192106723785400391e+00
3.205351352691650391e+00
3.191255331039428711e+00
3.185707330703735352e+00
3.203639507293701172e+00
3.215533971786499023e+00
3.203421592712402344e+00
3.176064014434814453e+00
3.190144300460815430e+00
3.201328754425048828e+00
3.207032442092895508e+00
3.214555501937866211e+00
3.207333564758300781e+00
3.190489530563354492e+00
3.176231145858764648e+00
3.203689813613891602e+00
3.194159746170043945e+00
3.201301097869873047e+00
3.198949575424194336e+00
3.205567836761474609e+00
3.197517633438110352e+00
3.181752204895019531e+00
3.188888549804687500e+00
3.175629615783691406e+00
3.191396236419677734e+00
3.186964511871337891e+00
3.191530466079711914e+00
3.206845998764038086e+00
